gamma            beta       alpha          r            s                 rdot         sdot     x             y            z            xdot         ydot        zdot 
[[  0.           0.49908531   0.           0.           0.80406768        0.           0.       0.           11.93707941   0.             36.58222399   0.           8.26111656]
 [ -0.49908531   0.           0.          -0.80406768   0.                0.           0.       11.93707941   0.         -36.58222399     0.          -8.26111656   0.        ]
 [  0.           0.           0.           0.           0.                0.           0.       0.            0.           0.             0.           0.           0.        ]
 [  0.           0.           1.40106173   0.           0.                1.67395443   0.       0.            0.           0.             0.           0.           0.        ]]


 gamma            beta       alpha         phi          theta       phidot         thetadot     x            y    z            xdot         ydot        zdot
 [[0.           0.48736171   0.            0.           0.71946916   0.            15.89056048  0.           0.   -21.1002515  0.          -3.23733521   0.]
 [-0.48736171   0.           0.           -0.71946916   0.           0.            0.           15.89056048  0.    0.         -21.1002515   0.          -3.23733521]
 [0.            0.           0.            0.           0.           0.            0.           0.           0.    0.          0.           0.           0.]
 [0.            0.           1.40106173    0.           0.           1.67395443    0.           0.           0.    0.          0.           0.           0.]]


# ETH Dynamics

#       gamma    beta     alpha    r         s       rdot      sdot      x        y        z         xdot     ydot      zdot     
 a  [[  0.       0.       0.       0.        0.       0.       0.        0.       0.       0.9904    0.       0.        1.7209   ]
 wx  [ 10.8180   0.       0.       0.       25.9750   0.       6.8973    0.       0.3552   0.        0.       0.8004    0.       ]
 wy  [  0.      10.8180   0.     -25.9750    0.      -6.8973   0.       -0.3552   0.       0.       -0.8004   0.        0.       ]
 wz  [  0.       0.       0.3771   0.        0.       0.       0.        0.       0.       0.        0.       0.        0.       ]]


# Simin's Dynamics
#       gamma    beta     alpha    phi      theta     phidot   thetadot x        y        z         xdot     ydot     zdot
 a  [[  0.       0.       0.       0.       0.        0.       0.       0.       0.       0.9904    0.       0.       1.7209]
 wx  [ 16.0435   0.       0.     -21.3766   0.       -3.2908   0.       0.       0.3442   0.        0.       0.7020   0.    ]
 wy  [  0.      16.0435   0.       0.     -21.3766    0.      -3.2908  -0.3442   0.       0.       -0.7020   0.       0.    ]
 wz  [  0.       0.       0.3771   0.       0.        0.       0.       0.       0.       0.        0.       0.       0.    ]]

 [[  0.           0.           0.           0.           0.     0.           0.           0.           0.           0.99042369    0.           0.           1.72098416]
 [ 12.45871515   0.           0.         -18.80520772   0.   -4.08659761   0.           0.           0.35181144   0.    0.           0.76090333   0.        ]
 [  0.          12.45871515   0.           0.         -18.80520772    0.          -4.08659761  -0.35181144   0.           0.   -0.76090333   0.           0.        ]
 [  0.           0.           0.37717154   0.           0.    0.           0.           0.           0.           0.    0.           0.           0.        ]]
